
7 1 11 1 1 15 13 1 3 5 3 3 5 9 0 7
0 15 7 1 7 1 11 1 5 3 3 13 9 5 3 1
1 1 7 1 11 3 1 13 15 3 9 7 3 5 5 0
15 3 1 1 1 9 1 7 5 13 3 7 5 0 3 11
15 1 1 7 3 13 3 1 9 7 1 11 3 0 5 5
3 11 1 7 15 1 1 7 3 0 1 5 3 9 13 5
0 7 7 13 5 1 11 1 5 1 3 3 9 3 1 15
11 1 5 1 3 15 1 1 13 3 7 3 0 5 7 9
5 0 9 7 3 3 15 5 1 11 3 7 13 1 1 1
11 7 0 9 3 1 3 5 1 1 5 7 3 13 15 1
11 3 1 9 1 15 3 0 13 1 1 3 5 5 7 7
1 5 11 0 3 9 1 7 1 15 7 3 13 5 1 3
7 11 7 3 0 3 9 5 1 1 1 5 13 3 1 15
11 1 13 5 3 15 0 3 1 7 1 3 1 5 7 9
5 3 9 0 3 13 7 11 15 1 3 7 5 1 1 1
3 15 0 3 5 1 11 1 9 1 5 13 3 7 1 7
1 3 1 1 7 5 13 3 1 5 3 15 11 0 7 9
7 13 1 3 1 7 11 1 5 0 15 5 3 9 1 3
1 1 1 13 5 11 7 1 15 9 3 5 3 3 0 7
13 1 3 7 1 7 1 11 3 15 0 9 5 1 5 3
3 1 5 15 9 1 3 1 0 11 3 1 7 7 5 13
5 15 1 1 7 3 9 5 3 1 11 7 0 13 3 1
9 7 15 5 1 1 3 3 7 0 1 5 1 11 13 3
1 3 1 3 9 5 15 5 13 7 1 7 3 0 1 11
1 13 1 7 15 0 1 11 3 3 9 7 5 5 3 1
11 0 13 7 1 9 1 5 7 3 5 3 1 15 1 3
1 1 13 11 3 3 7 7 5 15 3 1 0 5 9 1
3 13 11 1 1 1 5 7 9 5 0 15 7 1 3 3
11 1 1 1 3 15 13 1 5 9 3 7 5 0 3 7
1 15 11 1 5 3 7 1 3 5 3 13 0 7 9 1
7 13 1 1 9 3 7 1 0 3 5 11 15 3 5 1
1 1 7 7 1 5 1 11 15 3 9 0 3 5 3 13